GOMA: -4.251936, 55.860102
EK: -4.180606, 55.752714
Victoria: -4.264484, 55.837135